rice
0.07364341085271318
79.02631578947368, 48.0, 40.36842105263158, 23.636963362631576, 82.3453348626316, 6.561750796026314, 176.19005358171052
151.48577524893315, 0.5675675675675711, -4.604551920341395, 1.4013489134423887, -8.728184783314378, 1.1994098742155042, -191.69143345664085
0.5675675675675711, 61.351351351351354, -1.2162162162162165, 0.5220593848648667, -0.874875768918915, 0.6411964164054056, -67.86460839572972
-4.604551920341395, -1.2162162162162165, 8.401137980085352, 0.5616783287339959, 0.3642099638691308, 0.01842595390896156, -4.494572614322897
1.4013489134423887, 0.5220593848648667, 0.5616783287339959, 3.826066810044785, 0.08064602610699136, -0.2675088840121206, -42.458092262212965
-8.728184783314378, -0.874875768918915, 0.3642099638691308, 0.08064602610699136, 1.8050140318309364, -0.14508496160204618, -1.1628450985604617
1.1994098742155042, 0.6411964164054056, 0.01842595390896156, -0.2675088840121206, -0.14508496160204618, 0.6526120189740384, -22.188320482594186
-191.69143345664085, -67.86460839572972, -4.494572614322897, -42.458092262212965, -1.1628450985604617, -22.188320482594186, 9938.02311723715
endclass
maize
0.06589147286821706
76.52941176470588, 49.38235294117647, 19.264705882352942, 23.065427400588227, 65.94137258058822, 6.805870177941177, 87.11556790882354
145.52941176470594, -34.20855614973261, 7.431372549019608, -6.250994419108735, 10.67072656452764, -3.406730908877006, -20.01693174814617
-34.20855614973261, 59.697860962566835, 0.7745098039215677, -2.3731019611408204, 4.825083944616753, -1.107776121188948, 30.290812668645273
7.431372549019608, 0.7745098039215677, 10.321746880570414, -0.036485240766487285, -0.8176431162210313, -0.3427290488627451, 12.866700733048127
-6.250994419108735, -2.3731019611408204, -0.036485240766487285, 7.443939162824846, 3.266820946376772, 0.5955080795709017, 5.912153359506899
10.67072656452764, 4.825083944616753, -0.8176431162210313, 3.266820946376772, 28.798373899707514, 0.004676583203702568, 17.297017988629335
-3.406730908877006, -1.107776121188948, -0.3427290488627451, 0.5955080795709017, 0.004676583203702568, 0.8057543110554778, -3.2520497869306606
-20.01693174814617, 30.290812668645273, 12.866700733048127, 5.912153359506899, 17.297017988629335, -3.2520497869306606, 254.08049819889018
endclass
Soyabeans
0.08527131782945736
39.18181818181818, 68.4090909090909, 80.70454545454545, 18.764058828409087, 16.90067920204545, 7.320813238227273, 78.54046347931819
169.36152219873148, -23.122621564482035, 6.682875264270614, 1.659935733784355, 8.926990090549687, 2.556517283818182, 0.11862141826640052
-23.122621564482035, 53.78224101479914, 0.28646934460887835, -2.584361853752646, -1.4815205287632136, -0.07254020411839292, -9.458360366923886
6.682875264270614, 0.28646934460887835, 10.306025369978858, -0.19879639164376275, 0.9070016264323474, -0.5576869530010572, 7.432034120258991
1.659935733784355, -2.584361853752646, -0.19879639164376275, 1.6378127074208662, 0.011245462550743797, -0.10122283544653411, 3.194485422247367
8.926990090549687, -1.4815205287632136, 0.9070016264323474, 0.011245462550743797, 2.7727409349625423, 0.49102131221140916, -2.0075690767948315
2.556517283818182, -0.07254020411839292, -0.5576869530010572, -0.10122283544653411, 0.49102131221140916, 0.6908572681427279, -0.9389186990093662
0.11862141826640052, -9.458360366923886, 7.432034120258991, 3.194485422247367, -2.0075690767948315, -0.9389186990093662, 61.86543428087138
endclass
beans
0.07945736434108527
19.463414634146343, 66.85365853658537, 20.195121951219512, 20.216247825853657, 21.387903642439028, 5.744431407, 106.80838626609756
142.25487804878045, 21.819512195121956, -7.392682926829271, 1.3924145094695097, 6.343400548841468, -0.03593256499999969, -76.04451797114635
21.819512195121956, 61.178048780487806, -0.37073170731707356, 3.2279055076280487, -0.462661667884144, -0.04401379042500015, -88.79119256383538
-7.392682926829271, -0.37073170731707356, 10.710975609756098, -1.3376673789207323, 0.38990168226219585, 0.08210934349999978, 7.553778035030486
1.3924145094695097, 3.2279055076280487, -1.3376673789207323, 7.366419024234277, -0.05523954952568449, 0.06608796371664448, -30.9147786487858
6.343400548841468, -0.462661667884144, 0.38990168226219585, -0.05523954952568449, 5.335030977779513, -0.059654352927337166, -8.423359380662609
-0.03593256499999969, -0.04401379042500015, 0.08210934349999978, 0.06608796371664448, -0.059654352927337166, 0.020444218233509073, 0.13741721436360782
-76.04451797114635, -88.79119256383538, 7.553778035030486, -30.9147786487858, -8.423359380662609, 0.13741721436360782, 790.2988619911404
endclass
peas
0.04844961240310078
20.44, 67.84, 20.0, 29.53898595, 45.337647612400005, 6.068886035399999, 162.69197287920002
192.33999999999997, -7.551666666666667, 3.000000000000002, 22.118779787916658, 5.935486093066672, -2.6545022208916644, 105.84870571703331
-7.551666666666667, 54.723333333333336, 2.833333333333333, -11.17228508958333, 6.755483226649998, 0.08520785023333327, 51.7811991832
3.000000000000002, 2.833333333333333, 9.5, -5.1451034262499995, 9.146349949166666, 0.08374124920833326, -15.797401886666666
22.118779787916658, -11.17228508958333, -5.1451034262499995, 29.70575250553454, -0.677305584573032, -0.7186118755957442, -14.15203029089414
5.935486093066672, 6.755483226649998, 9.146349949166666, -0.677305584573032, 106.37954454185866, 1.1508746384873065, 8.720631066306826
-2.6545022208916644, 0.08520785023333327, 0.08374124920833326, -0.7186118755957442, 1.1508746384873065, 0.7254778509081583, 6.331948253363564
105.84870571703331, 51.7811991832, -15.797401886666666, -14.15203029089414, 8.720631066306826, 6.331948253363564, 853.4878054138967
endclass
groundnuts
0.06201550387596899
21.8125, 49.78125, 21.25, 28.2316047025, 53.631493492500006, 6.839403641124999, 55.791062022812504
125.77016129032258, -12.816532258064516, 1.5, 4.531293350483866, -2.437561804032255, 3.3191733728629043, 13.537085945705645
-12.816532258064516, 52.56350806451613, 2.153225806451613, -0.6458650739516125, -16.593070728145157, 0.6306331182540329, -36.725985816784274
1.5, 2.153225806451613, 7.612903225806451, 0.2868604545161288, -3.6289664519354816, 0.8539780186451614, -0.11276264395161452
4.531293350483866, -0.6458650739516125, 0.2868604545161288, 4.320984911888997, -0.26668985622095953, -0.15366148743719832, -9.95795793255652
-2.437561804032255, -16.593070728145157, -3.6289664519354816, -0.26668985622095953, 54.047562341822925, -1.7191268736070793, 7.144148823767805
3.3191733728629043, 0.6306331182540329, 0.8539780186451614, -0.15366148743719832, -1.7191268736070793, 2.998534097688676, 3.5037551235464943
13.537085945705645, -36.725985816784274, -0.11276264395161452, -9.95795793255652, 7.144148823767805, 3.5037551235464943, 197.11825402328392
endclass
cowpeas
0.07170542635658915
18.756756756756758, 46.67567567567568, 19.972972972972972, 28.49104291756756, 84.96268723432433, 6.6524334663513525, 48.767451608648656
127.13363363363362, -4.553303303303303, -5.8123123123123115, -0.659334792274776, 7.606690748303296, 0.8716395653656153, 17.306362271051043
-4.553303303303303, 59.11411411411413, -2.342342342342341, -0.29051826497747774, 1.892759261996996, -1.2079472210495488, 2.7285251298273283
-5.8123123123123115, -2.342342342342341, 8.08258258258258, -0.8570086917342358, 0.17035028456456583, -0.07863901560135136, 7.450430123573574
-0.659334792274776, -0.29051826497747774, -0.8570086917342358, 0.6808844276502138, 0.3532464422986504, -0.003595876265563221, 0.7811591476673955
7.606690748303296, 1.892759261996996, 0.17035028456456583, 0.3532464422986504, 9.508972455632664, -0.12386964188578746, 10.986577734078649
0.8716395653656153, -1.2079472210495488, -0.07863901560135136, -0.003595876265563221, -0.12386964188578746, 0.07301359810492382, -0.48695424045115504
17.306362271051043, 2.7285251298273283, 7.450430123573574, 0.7811591476673955, 10.986577734078649, -0.48695424045115504, 56.616842830678706
endclass
banana
0.08527131782945736
100.18181818181819, 81.31818181818181, 49.93181818181818, 27.252706844090913, 80.48245947363635, 5.871493731454547, 105.26242152272727
110.33826638477804, -5.315010570824521, 2.24524312896406, -4.979096859830866, 6.188698505835084, 0.843050993892177, 7.827746875539108
-5.315010570824521, 60.5010570824524, 7.650105708245241, 2.978126470063424, -2.188933760486256, -0.42819488842706127, 16.624189770274846
2.24524312896406, 7.650105708245241, 11.92547568710359, 0.2855021251691322, -0.4356962720718825, 0.026353423752642675, 0.5838556969344635
-4.979096859830866, 2.978126470063424, 0.2855021251691322, 2.404771307008355, -0.875145502627441, -0.11388889160120384, -3.9566206833316966
6.188698505835084, -2.188933760486256, -0.4356962720718825, -0.875145502627441, 8.694514122848947, -0.07449884278939471, -1.1112505859230177
0.843050993892177, -0.42819488842706127, 0.026353423752642675, -0.11388889160120384, -0.07449884278939471, 0.10479482545225324, 0.0778919952813634
7.827746875539108, 16.624189770274846, 0.5838556969344635, -3.9566206833316966, -1.1112505859230177, 0.0778919952813634, 91.86726638741581
endclass
mango
0.07170542635658915
18.0, 28.594594594594593, 30.08108108108108, 31.230337315405414, 50.01912764243243, 5.814725842135135, 94.44806980351355
132.77777777777777, -7.611111111111111, -14.888888888888886, 0.769814659722223, -1.6008084847222197, 0.5884359141111115, -0.6834981886111097
-7.611111111111111, 46.8033033033033, 1.2560060060060043, -0.7651918288588561, -0.5228479514864869, -0.35750399861036025, 2.212146190630629
-14.888888888888886, 1.2560060060060043, 10.187687687687685, -1.2827517543393383, 2.42708587451952, -0.15395287184459458, 0.4009760813738774
0.769814659722223, -0.7651918288588561, -1.2827517543393383, 6.491455345077771, -1.4298945911514498, -0.17655129406427392, 0.27061765061516674
-1.6008084847222197, -0.5228479514864869, 2.42708587451952, -1.4298945911514498, 7.976273948691514, 0.1067913552134724, -0.3453623963584676
0.5884359141111115, -0.35750399861036025, -0.15395287184459458, -0.17655129406427392, 0.1067913552134724, 0.4450927136619774, -0.3765954305646093
-0.6834981886111097, 2.212146190630629, 0.4009760813738774, 0.27061765061516674, -0.3453623963584676, -0.3765954305646093, 13.387464164542825
endclass
grapes
0.05426356589147287
24.857142857142858, 133.39285714285714, 200.28571428571428, 25.959964020499996, 81.98685830464287, 6.099275362749999, 69.96784846392856
142.49735449735448, 12.83597883597883, -0.4761904761904764, -31.268989660962944, 0.3698549947619007, 0.49021621988888797, 3.3042118983598003
12.83597883597883, 50.76587301587302, 2.7724867724867703, -19.732562790759253, -1.258079157817457, 0.1726252903240736, -4.374286220119044
-0.4761904761904764, 2.7724867724867703, 10.211640211640205, -11.729437955888882, 0.3229921334391573, 0.11501137285185199, 0.07513557402116508
-31.268989660962944, -19.732562790759253, -11.729437955888882, 124.39645362021056, 1.2242470206515053, -0.061208336583487816, 3.3548794884576965
0.3698549947619007, -1.258079157817457, 0.3229921334391573, 1.2242470206515053, 1.2227300089210678, 0.01764622776828637, -0.34207410949046657
0.49021621988888797, 0.1726252903240736, 0.11501137285185199, -0.061208336583487816, 0.01764622776828637, 0.0917584607655866, -0.0588560313174083
3.3042118983598003, -4.374286220119044, 0.07513557402116508, 3.3548794884576965, -0.34207410949046657, -0.0588560313174083, 7.74900265532858
endclass
watermelon
0.060077519379844964
96.25806451612904, 18.096774193548388, 50.0, 25.625893558387094, 84.99240117870966, 6.476965141967741, 50.99526230193548
135.5311827956989, -0.859139784946236, 4.566666666666666, -0.7282547989032281, -13.657695474322567, 0.2708378061419356, -9.941799499516122
-0.859139784946236, 46.35698924731184, 2.1666666666666665, -0.3781526535053774, 4.356784667129031, -0.17931839629677454, 0.9229669944731147
4.566666666666666, 2.1666666666666665, 11.2, -0.7475307420000005, 1.0754304449999974, 0.18360072069999997, -4.6708684446666675
-0.7282547989032281, -0.3781526535053774, -0.7475307420000005, 0.6371307617557788, 0.18228569103738787, 0.09831404456978594, 1.0505146138151822
-13.657695474322567, 4.356784667129031, 1.0754304449999974, 0.18228569103738787, 10.2216553302856, 0.06845323022430036, 6.0645261105527455
0.2708378061419356, -0.17931839629677454, 0.18360072069999997, 0.09831404456978594, 0.06845323022430036, 0.0865912706788517, 0.15872090497062671
-9.941799499516122, 0.9229669944731147, -4.6708684446666675, 1.0505146138151822, 6.0645261105527455, 0.15872090497062671, 31.938156480062926
endclass
apple
0.06201550387596899
19.96875, 133.8125, 200.0, 22.541171531874998, 92.16173335000002, 5.931615172187501, 111.71974873750003
172.99899193548387, 3.155241935483871, 4.709677419354839, -1.9287757431653245, 2.443382334838708, 0.3096768472963708, 8.164067410887101
3.155241935483871, 64.99596774193549, -8.548387096774194, 0.5733126400403225, 0.4202206312903205, -0.12392427773790317, -5.464728324999993
4.709677419354839, -8.548387096774194, 11.032258064516128, -0.7396513154838705, 0.574190227096772, 0.33261956377419355, -0.5433246000000026
-1.9287757431653245, 0.5733126400403225, -0.7396513154838705, 0.7081543930578318, -0.08728485993475153, -0.0870826898142903, -1.1884958176700875
2.443382334838708, 0.4202206312903205, 0.574190227096772, -0.08728485993475153, 2.04756599510978, 0.05253769030095637, -2.7655611588664892
0.3096768472963708, -0.12392427773790317, 0.33261956377419355, -0.0870826898142903, 0.05253769030095637, 0.06673787157474553, 0.23191160373863454
8.164067410887101, -5.464728324999993, -0.5433246000000026, -1.1884958176700875, -2.7655611588664892, 0.23191160373863454, 50.149976990345515
endclass
orange
0.06976744186046512
18.38888888888889, 17.52777777777778, 10.333333333333334, 25.75719012805556, 92.14596567305556, 6.994222005388891, 110.15138484722219
157.90158730158728, 11.046031746031748, -9.276190476190479, 1.0315514456349195, -3.272358251222218, 1.1414354059587306, -7.544015467460305
11.046031746031748, 52.370634920634906, 2.5333333333333328, 0.32483763334126775, 2.640653873198409, -1.0458824071253965, -0.13505432563491168
-9.276190476190479, 2.5333333333333328, 11.200000000000003, -0.6153043810476196, 1.0116211578095269, 0.2607363800095239, 7.7540708409523775
1.0315514456349195, 0.32483763334126775, -0.6153043810476196, 35.36288922194578, -0.39742508855603115, -0.32023394381940634, 0.1340229983301572
-3.272358251222218, 2.640653873198409, 1.0116211578095269, -0.39742508855603115, 1.9281631839001205, -0.1941877578476667, 1.0236485333156848
1.1414354059587306, -1.0458824071253965, 0.2607363800095239, -0.32023394381940634, -0.1941877578476667, 0.25712131017802775, -0.49222061263978995
-7.544015467460305, -0.13505432563491168, 7.7540708409523775, 0.1340229983301572, 1.0236485333156848, -0.49222061263978995, 29.763058631186205
endclass
cotton
0.05813953488372093
117.53333333333333, 44.233333333333334, 20.033333333333335, 23.818415357666662, 79.93320383999999, 6.856267431933332, 81.67377842766668
133.77471264367816, -4.473563218390809, -0.7080459770114947, 3.7272811381839106, -3.3388665268965503, 1.261555359002299, 38.81804205232184
-4.473563218390809, 37.0816091954023, -5.45632183908046, -0.29970540322988537, 2.8981842120689616, 0.3861411537402298, 5.12188460366668
-0.7080459770114947, -5.45632183908046, 8.998850574712646, -0.01811893578160933, 2.5621706293103474, 0.36670738972643696, 12.868703619045979
3.7272811381839106, -0.29970540322988537, -0.01811893578160933, 1.2245514295217934, -0.5233795421522656, 0.12107700202883194, 0.4195831909104022
-3.3388665268965503, 2.8981842120689616, 2.5621706293103474, -0.5233795421522656, 8.955104387808534, 0.1990008090028036, 5.44293428564146
1.261555359002299, 0.3861411537402298, 0.36670738972643696, 0.12107700202883194, 0.1990008090028036, 0.4807677560767225, 1.764895327621163
38.81804205232184, 5.12188460366668, 12.868703619045979, 0.4195831909104022, 5.44293428564146, 1.764895327621163, 133.6290879098352
endclass
coffee
0.05232558139534884
101.5925925925926, 28.40740740740741, 30.444444444444443, 26.136267729629633, 57.42558246370369, 6.7419778307777785, 156.8518393222222
138.25071225071224, 7.4031339031339005, 0.8034188034188035, -6.620678233618233, -0.685390936125356, -0.5074117615170936, 74.72955661709399
7.4031339031339005, 58.481481481481495, 7.004273504273506, -3.7145425356125354, 2.7641488307407434, 0.19230672247863298, -41.520040805555546
0.8034188034188035, 7.004273504273506, 8.256410256410252, -0.09693867329059769, 0.8971367659829064, -0.0575875043589743, -31.771126360256414
-6.620678233618233, -3.7145425356125354, -0.09693867329059769, 2.180005905051877, -0.6959977058775466, 0.09301308839573301, -16.919737091822032
-0.685390936125356, 2.7641488307407434, 0.8971367659829064, -0.6959977058775466, 26.089976460384865, 0.29841205059949777, 14.019856902036704
-0.5074117615170936, 0.19230672247863298, -0.0575875043589743, 0.09301308839573301, 0.29841205059949777, 0.17609064155816775, 1.7954492529703412
74.72955661709399, -41.520040805555546, -31.771126360256414, -16.919737091822032, 14.019856902036704, 1.7954492529703412, 840.9465858790606
endclass
